7.753565311431884766e+00 1.257332682609558105e+01 9.018821477890014648e+00 7.761111736297607422e+00 8.299511671066284180e+00 8.289110660552978516e+00
7.932502269744873047e+00 1.543227934837341309e+01 9.762939453125000000e+00 9.644573688507080078e+00 7.689810037612915039e+00 7.913715839385986328e+00
1.691986441612243652e+01 8.699638843536376953e+00 1.000275993347167969e+01 7.614957809448242188e+00 2.159662795066833496e+01 1.330678296089172363e+01
9.021577358245849609e+00 9.987964630126953125e+00 1.231825733184814453e+01 6.539806365966796875e+00 6.402376890182495117e+00 1.332234311103820801e+01
1.199923658370971680e+01 8.361276865005493164e+00 1.292865419387817383e+01 1.017685294151306152e+01 7.526239395141601562e+00 7.414902210235595703e+00
1.362740206718444824e+01 7.335323095321655273e+00 1.678334379196166992e+01 7.855874538421630859e+00 1.205941605567932129e+01 8.480324745178222656e+00
7.301361560821533203e+00 7.856860637664794922e+00 9.753267765045166016e+00 1.437798070907592773e+01 1.383685278892517090e+01 1.430246829986572266e+01
1.078032612800598145e+01 1.093012356758117676e+01 1.506905245780944824e+01 1.629796385765075684e+01 8.273833274841308594e+00 1.615789151191711426e+01
1.631102347373962402e+01 1.686209487915039062e+01 1.257657766342163086e+01 1.247096133232116699e+01 8.327443122863769531e+00 1.577002382278442383e+01
1.744026589393615723e+01 1.478008008003234863e+01 6.778535842895507812e+00 1.302410817146301270e+01 2.071551513671875000e+01 7.111238241195678711e+00
