1.377011394500732422e+01 1.738754606246948242e+01 1.491717672348022461e+01 1.412718725204467773e+01 1.061206126213073730e+01 1.095612931251525879e+01
1.351701903343200684e+01 6.694902181625366211e+00 1.465367460250854492e+01 1.228392815589904785e+01 1.488444185256958008e+01 8.977244377136230469e+00
1.033190202713012695e+01 1.176932024955749512e+01 2.032164669036865234e+01 8.928896188735961914e+00 1.245822596549987793e+01 9.544055223464965820e+00
9.928885221481323242e+00 1.339604210853576660e+01 1.095651268959045410e+01 9.101717710494995117e+00 1.124410319328308105e+01 1.282204890251159668e+01
1.836839103698730469e+01 8.444364070892333984e+00 9.737530708312988281e+00 1.479449081420898438e+01 1.439848208427429199e+01 1.043860173225402832e+01
7.125092029571533203e+00 1.548423361778259277e+01 1.343949437141418457e+01 1.371373605728149414e+01 1.732033300399780273e+01 1.758170986175537109e+01
9.935450315475463867e+00 1.530319476127624512e+01 1.337348151206970215e+01 9.092064619064331055e+00 1.421751761436462402e+01 1.433045840263366699e+01
8.530903577804565430e+00 7.500376939773559570e+00 1.273938989639282227e+01 2.116771602630615234e+01 1.371651196479797363e+01 8.104075908660888672e+00
1.416989278793334961e+01 9.059682846069335938e+00 1.486725187301635742e+01 1.418608975410461426e+01 1.003308939933776855e+01 1.846327590942382812e+01
1.479864621162414551e+01 1.714618635177612305e+01 1.006615018844604492e+01 1.561897063255310059e+01 1.194933676719665527e+01 9.844426155090332031e+00
