8.645780801773071289e+00 1.219760823249816895e+01 8.583733081817626953e+00 1.514568948745727539e+01 1.392450761795043945e+01 1.850433087348937988e+01
1.518728518486022949e+01 7.450932741165161133e+00 1.319322323799133301e+01 8.629400730133056641e+00 1.437248158454895020e+01 1.005211305618286133e+01
7.724802732467651367e+00 1.820438838005065918e+01 7.245820999145507812e+00 8.453586578369140625e+00 6.935324192047119141e+00 1.019650125503540039e+01
1.341572213172912598e+01 8.214507102966308594e+00 1.741079092025756836e+01 1.624226498603820801e+01 1.178305888175964355e+01 2.344668316841125488e+01
1.284520387649536133e+01 1.410220766067504883e+01 1.602524209022521973e+01 1.937172627449035645e+01 8.285125255584716797e+00 1.344493317604064941e+01
1.448318099975585938e+01 1.396446442604064941e+01 1.613464188575744629e+01 1.669000887870788574e+01 1.303617453575134277e+01 1.316780018806457520e+01
8.152467489242553711e+00 9.274098634719848633e+00 1.099978208541870117e+01 1.320917153358459473e+01 1.294378662109375000e+01 1.111181735992431641e+01
9.926289319992065430e+00 1.227214455604553223e+01 1.126342630386352539e+01 1.783501219749450684e+01 1.321857929229736328e+01 1.132499337196350098e+01
9.696309804916381836e+00 1.443045926094055176e+01 6.931203842163085938e+00 1.414100933074951172e+01 1.275511288642883301e+01 1.547261667251586914e+01
1.444296693801879883e+01 9.675840377807617188e+00 6.845984935760498047e+00 1.275799250602722168e+01 1.498301124572753906e+01 1.784113025665283203e+01
