1.885703396797180176e+01 1.310508465766906738e+01 1.496650171279907227e+01 8.979331493377685547e+00 1.804788684844970703e+01 9.224337339401245117e+00
9.782189369201660156e+00 1.699929523468017578e+01 8.600939512252807617e+00 1.247812247276306152e+01 1.772132921218872070e+01 1.422419285774230957e+01
1.065048050880432129e+01 2.895450901985168457e+01 1.354024529457092285e+01 1.502422523498535156e+01 1.678016304969787598e+01 1.494221186637878418e+01
1.455854749679565430e+01 1.264598250389099121e+01 1.347838592529296875e+01 7.829163312911987305e+00 1.406805372238159180e+01 7.363318681716918945e+00
1.485385417938232422e+01 7.903454065322875977e+00 8.805806159973144531e+00 8.986984252929687500e+00 1.408984351158142090e+01 1.273639678955078125e+01
1.796164035797119141e+01 1.466307520866394043e+01 7.878878116607666016e+00 1.457714724540710449e+01 1.145400738716125488e+01 1.458473181724548340e+01
8.708774805068969727e+00 1.044034385681152344e+01 9.329446792602539062e+00 1.365935015678405762e+01 1.350024509429931641e+01 1.342774009704589844e+01
1.312279534339904785e+01 1.663212037086486816e+01 1.288206386566162109e+01 1.451709604263305664e+01 1.554696798324584961e+01 1.301549005508422852e+01
1.428606271743774414e+01 1.000014662742614746e+01 1.239811587333679199e+01 1.567996692657470703e+01 1.001312947273254395e+01 7.763386964797973633e+00
1.137732648849487305e+01 9.416647672653198242e+00 8.772192478179931641e+00 1.709720873832702637e+01 9.702824592590332031e+00 1.098214769363403320e+01
