1.639664959907531738e+01 1.380516242980957031e+01 1.612719297409057617e+01 1.210296607017517090e+01 1.254619860649108887e+01 1.616410493850708008e+01
1.165929770469665527e+01 6.826372385025024414e+00 7.953340768814086914e+00 1.301994585990905762e+01 8.649708271026611328e+00 1.111768198013305664e+01
8.316738843917846680e+00 1.311788439750671387e+01 8.702931165695190430e+00 8.782533884048461914e+00 9.619399547576904297e+00 8.577620983123779297e+00
1.309389734268188477e+01 1.378948664665222168e+01 1.023096537590026855e+01 1.384338283538818359e+01 7.587461709976196289e+00 1.183652758598327637e+01
1.495955109596252441e+01 7.309392213821411133e+00 1.447901415824890137e+01 1.314064884185791016e+01 7.840336322784423828e+00 1.300516700744628906e+01
1.404108905792236328e+01 1.771916651725769043e+01 9.690050363540649414e+00 1.364461278915405273e+01 1.293215918540954590e+01 1.911067247390747070e+01
1.386966538429260254e+01 8.369885921478271484e+00 1.747714686393737793e+01 8.156617641448974609e+00 9.850922822952270508e+00 8.604124069213867188e+00
8.527896404266357422e+00 8.248112201690673828e+00 9.715906620025634766e+00 8.521421670913696289e+00 1.697340130805969238e+01 1.033778214454650879e+01
8.792074680328369141e+00 1.390404677391052246e+01 2.399178695678710938e+01 1.390609765052795410e+01 1.338649654388427734e+01 1.471072268486022949e+01
1.116886639595031738e+01 1.371209716796875000e+01 8.625827074050903320e+00 1.065568733215332031e+01 1.618713998794555664e+01 1.238941383361816406e+01
