0.060
0.043
0.039
0.045
0.049
0.046
0.042
0.043
0.040
0.043
0.044
0.041
0.041
0.043
0.042
0.041
0.042
0.042
0.042
0.042
0.041
0.042
0.040
0.040
0.040
0.043
0.040
0.040
0.039
0.040
0.039
0.039
0.039
0.039
0.039
0.039
0.039
0.040
0.039
0.040
0.040
0.040
0.040
0.038
0.037
0.038
0.037
0.037
0.037
0.038
0.042
0.040
0.040
0.041
0.041
0.040
0.040
0.040
0.038
0.038
0.038
0.037
0.037
0.037
0.037
0.037
0.038
0.037
0.037
0.037
0.036
0.036
0.036
0.036
0.037
0.037
0.040
0.038
0.038
0.037
0.037
0.037
0.037
0.037
0.037
0.037
0.036
0.037
0.038
0.036
0.036
0.036
0.037
0.037
0.038
0.038
0.037
0.037
0.036
0.037
0.041
0.042
0.046
0.041
0.038
0.038
0.038
0.038
0.038
0.038
0.038
0.038
0.038
0.039
0.039
0.039
0.038
0.038
0.038
0.038
0.040
0.037
0.037
0.037
0.038
0.038
0.037
0.038
0.041
0.038
0.038
0.038
0.038
0.038
0.041
0.041
0.042
0.041
0.042
0.043
0.043
0.043
0.043
0.042
0.042
0.042
0.043
0.042
0.042
0.043
0.042
0.045
0.042
0.043
0.043
0.043
0.043
0.042
0.043
0.042
0.042
0.043
0.043
0.043
0.043
0.043
0.043
0.043
0.042
0.042
0.042
0.043
0.042
0.039
0.046
0.040
0.039
0.039
0.039
0.038
0.042
0.042
0.043
0.043
0.044
0.042
0.042
0.041
0.041
0.041
0.041
0.040
0.041
0.041
0.041
0.041
0.042
0.042
0.042
0.042
0.042
0.043
0.043
0.042
0.041
0.041
0.042
0.042
0.043
0.042
0.043
0.042
0.044
0.039
0.037
0.037
0.037
0.037
0.037
0.037
0.037
0.037
0.044
0.038
0.037
0.037
0.037
0.037
0.037
0.037
0.037
0.038
0.038
0.037
0.039
0.037
0.037
0.037
0.038
0.037
0.035
0.034
0.036
0.037
0.044
0.037
0.037
0.038
0.037
0.037
0.037
0.037
0.037
0.037
0.037
0.037
0.037
0.037
0.037
0.038
0.049
0.044
0.041
0.041
0.041
0.038
0.036
0.037
0.039
0.037
0.036
0.037
0.036
0.042
0.042
0.042
0.042
0.042
0.041
0.041
0.042
0.040
0.041
0.041
0.041
0.041
0.040
0.041
0.041
0.041
0.042
0.042
0.041
0.042
0.042
0.043
0.041
0.041
0.041
0.044
