0.080
0.056
0.047
0.047
0.045
0.044
0.047
0.046
0.047
0.047
0.048
0.046
0.047
0.046
0.046
0.047
0.042
0.045
0.047
0.051
0.048
0.048
0.049
0.049
0.049
0.050
0.048
0.053
0.049
0.049
0.049
0.049
0.050
0.048
0.050
0.048
0.048
0.048
0.048
0.045
0.043
0.044
0.043
0.044
0.044
0.044
0.043
0.043
0.050
0.046
0.047
0.046
0.049
0.048
0.046
0.046
0.050
0.047
0.046
0.047
0.047
0.046
0.047
0.044
0.046
0.048
0.046
0.047
0.047
0.055
0.047
0.045
0.044
0.045
0.045
0.045
0.048
0.064
0.064
0.057
0.056
0.056
0.056
0.057
0.055
0.064
0.054
0.046
0.044
0.045
0.045
0.046
0.045
0.045
0.045
0.046
0.043
0.045
0.044
0.045
0.047
0.055
0.042
0.042
0.043
0.042
0.047
0.051
0.051
0.054
0.050
0.049
0.049
0.049
0.049
0.047
0.050
0.049
0.050
0.049
0.049
0.049
0.048
0.050
0.047
0.048
0.050
0.049
0.048
0.050
0.050
0.048
0.048
0.047
0.045
0.046
0.047
0.045
0.044
0.045
0.045
0.045
0.044
0.044
0.044
0.041
0.041
0.043
0.043
0.045
0.050
0.046
0.046
0.048
0.047
0.048
0.044
0.047
0.046
0.050
0.051
0.050
0.050
0.049
0.049
0.048
0.048
0.048
0.049
0.050
0.051
0.050
0.051
0.050
0.052
0.050
0.051
0.051
0.049
0.050
0.050
0.049
0.051
0.050
0.047
0.047
0.046
0.046
0.044
0.044
0.044
0.045
0.042
0.044
0.044
0.046
0.044
0.045
0.044
0.044
0.045
0.044
0.044
0.044
0.047
0.045
0.047
0.048
0.048
0.049
0.048
0.048
0.050
0.051
0.051
0.048
0.047
0.049
0.048
0.048
0.049
0.048
0.047
0.049
0.047
0.047
0.047
0.048
0.050
0.049
0.047
0.049
0.048
0.048
0.048
0.048
0.048
0.050
0.049
0.052
0.048
0.046
0.046
0.047
0.047
0.046
0.044
0.046
0.045
0.045
0.045
0.046
0.047
0.051
0.050
0.050
0.058
0.052
0.052
0.050
0.048
0.047
0.044
0.045
0.043
0.044
0.045
0.043
0.046
0.044
0.044
0.044
0.043
0.044
0.044
0.047
0.045
0.044
0.046
0.042
0.042
0.042
0.043
0.041
0.041
0.042
0.043
0.044
0.042
0.042
0.042
0.041
0.041
0.041
0.042
0.041
0.041
0.043
0.042
0.044
