0.972
0.944
0.945
0.925
0.945
0.953
0.935
0.923
0.919
0.963
0.966
0.930
0.973
0.929
0.886
0.984
0.936
0.903
0.948
0.924
0.950
0.996
0.950
1.007
0.988
0.976
0.952
0.948
0.943
0.978
0.973
0.956
0.945
0.982
0.973
0.973
0.944
0.930
0.938
0.946
0.926
0.942
0.943
0.942
0.917
0.964
0.964
0.938
0.959
0.935
0.946
0.942
0.967
0.912
0.941
0.903
0.915
0.918
0.905
0.881
0.916
0.946
0.909
0.917
0.921
0.924
0.926
0.930
0.917
0.919
0.909
0.903
0.913
0.909
0.918
0.907
0.929
0.929
0.955
0.920
0.899
0.917
0.933
0.922
0.931
0.919
0.909
0.922
0.970
0.906
0.916
0.897
0.895
0.893
0.943
1.010
1.010
0.949
0.952
0.950
0.900
0.914
0.909
0.905
0.917
0.903
0.918
0.894
0.892
0.883
0.863
0.894
0.907
0.918
0.923
1.036
0.962
0.916
0.916
0.925
0.949
0.908
0.909
0.955
1.031
0.984
0.960
0.924
0.929
0.921
0.921
0.912
0.902
0.884
0.896
1.034
1.047
0.888
0.929
0.917
0.920
0.929
0.920
0.906
0.920
0.930
0.934
0.903
0.914
0.928
0.928
0.984
0.914
0.947
0.940
0.925
0.914
0.914
0.906
0.924
0.919
0.892
0.907
0.937
0.950
0.957
0.918
0.906
0.948
0.956
0.921
0.935
0.904
0.927
0.916
0.938
0.947
0.934
0.926
0.944
0.895
0.900
0.887
0.882
0.888
0.894
0.914
0.991
0.922
1.013
0.940
0.880
0.867
0.852
0.886
0.868
0.868
0.881
0.870
0.886
0.895
0.887
0.882
0.926
0.927
0.929
0.914
0.935
0.951
0.954
0.934
0.934
0.911
0.973
0.925
0.910
0.913
0.897
0.921
0.940
0.940
0.962
1.018
0.977
0.949
0.945
0.949
0.928
0.923
0.972
0.955
0.895
0.909
0.913
0.898
0.928
0.918
0.942
0.928
0.952
0.952
0.966
0.957
0.947
0.924
0.939
1.059
0.983
0.944
0.975
0.925
0.939
0.965
0.906
0.957
0.971
0.934
0.959
0.989
0.962
0.924
0.935
0.918
0.951
0.992
0.976
0.992
0.986
0.931
0.904
0.920
1.017
0.958
0.890
0.915
0.920
0.913
0.988
0.980
0.938
0.981
0.995
0.962
0.944
0.979
0.931
0.912
0.940
0.910
0.960
0.944
0.950
0.937
0.871
0.897
0.963
0.917
0.924
0.929
0.932
