8.823
8.770
8.618
8.749
8.492
8.566
9.093
8.893
8.820
8.759
9.042
8.693
8.941
9.075
8.991
9.219
9.032
8.799
8.991
8.990
8.762
8.974
9.214
8.741
8.981
8.797
8.895
8.849
8.905
9.067
8.697
8.978
9.071
8.989
9.077
9.049
8.916
9.214
8.704
9.088
8.976
8.822
8.910
8.941
8.968
8.882
9.068
8.784
8.638
8.853
8.904
8.830
8.632
8.885
8.937
8.921
9.139
9.099
9.052
9.013
8.791
8.612
8.858
8.896
9.048
9.007
9.132
8.910
9.024
8.787
8.919
8.638
8.644
9.039
9.092
9.001
8.874
9.036
9.173
8.729
8.702
9.071
8.648
8.924
9.000
9.121
8.956
8.789
8.797
8.373
8.681
8.778
8.804
8.856
8.665
8.791
9.052
8.673
9.074
9.238
8.734
8.706
9.122
9.225
9.076
9.101
9.106
8.576
9.038
9.050
9.216
9.236
8.913
9.282
8.842
9.268
9.064
8.643
8.919
9.030
8.950
8.986
8.759
8.772
8.993
8.642
8.898
9.014
8.823
8.864
8.988
9.162
8.764
8.981
8.899
8.788
8.535
8.765
8.894
8.456
9.041
9.074
8.379
8.699
8.717
8.790
8.794
8.598
8.589
8.496
8.528
8.548
8.931
8.838
8.523
8.795
8.640
8.865
8.841
8.639
8.488
8.699
8.672
8.718
8.711
8.789
9.118
8.561
8.867
8.551
8.441
8.852
8.646
8.746
8.549
8.634
8.551
8.750
8.712
8.689
8.736
8.754
8.726
9.101
9.004
8.963
8.940
8.718
8.654
8.740
8.699
8.876
9.040
9.127
9.051
8.997
8.466
8.600
8.959
8.746
8.997
9.007
9.032
8.943
8.969
8.653
8.629
8.557
8.715
9.168
9.000
8.803
8.933
8.951
9.021
8.679
9.052
8.943
8.768
8.934
9.027
8.895
9.025
8.840
9.068
9.081
8.786
8.862
8.835
9.004
9.061
8.824
8.976
9.031
8.834
8.931
8.960
8.951
8.973
9.006
9.020
8.997
9.115
9.023
8.829
9.014
8.802
8.920
8.784
8.886
8.825
8.781
8.757
8.841
8.845
8.793
8.986
8.697
8.915
8.827
9.060
8.810
8.952
9.022
8.834
8.994
9.021
8.938
9.355
8.922
9.184
9.017
8.940
8.946
8.869
8.669
8.927
8.989
9.035
8.919
8.952
8.774
8.969
9.098
8.745
8.989
9.176
8.942
8.803
8.777
8.938
8.908
8.604
8.924
9.020
8.860
8.856
8.622
8.871
9.005
