0.124
0.124
0.115
0.113
0.111
0.112
0.112
0.113
0.117
0.120
0.110
0.119
0.120
0.114
0.116
0.114
0.115
0.121
0.110
0.126
0.122
0.115
0.122
0.108
0.126
0.128
0.123
0.122
0.125
0.123
0.130
0.126
0.126
0.115
0.121
0.121
0.110
0.122
0.123
0.116
0.115
0.195
0.123
0.116
0.124
0.125
0.119
0.121
0.125
0.120
0.117
0.119
0.116
0.108
0.111
0.109
0.119
0.123
0.106
0.115
0.113
0.126
0.108
0.113
0.119
0.123
0.118
0.115
0.115
0.114
0.109
0.114
0.119
0.114
0.127
0.112
0.109
0.110
0.109
0.108
0.114
0.121
0.119
0.146
0.110
0.106
0.110
0.120
0.121
0.122
0.129
0.126
0.121
0.117
0.129
0.111
0.123
0.119
0.111
0.113
0.127
0.109
0.109
0.124
0.123
0.117
0.119
0.118
0.116
0.123
0.117
0.125
0.115
0.110
0.109
0.108
0.124
0.118
0.127
0.128
0.123
0.124
0.121
0.122
0.137
0.119
0.120
0.117
0.118
0.123
0.119
0.118
0.120
0.126
0.126
0.120
0.122
0.130
0.126
0.125
0.113
0.125
0.122
0.119
0.114
0.118
0.127
0.132
0.121
0.126
0.113
0.114
0.120
0.119
0.123
0.125
0.122
0.127
0.124
0.124
0.126
0.121
0.126
0.119
0.118
0.124
0.121
0.117
0.121
0.124
0.122
0.118
0.118
0.118
0.122
0.110
0.120
0.117
0.123
0.124
0.116
0.126
0.129
0.120
0.123
0.126
0.129
0.122
0.113
0.115
0.125
0.115
0.112
0.117
0.116
0.118
0.117
0.125
0.127
0.122
0.114
0.118
0.121
0.126
0.117
0.115
0.128
0.118
0.114
0.117
0.116
0.114
0.119
0.116
0.117
0.122
0.117
0.115
0.118
0.117
0.122
0.113
0.113
0.110
0.114
0.117
0.116
0.112
0.116
0.104
0.117
0.116
0.117
0.115
0.116
0.115
0.107
0.121
0.116
0.106
0.113
0.124
0.115
0.118
0.116
0.116
0.130
0.137
0.131
0.126
0.115
0.124
0.122
0.112
0.121
0.103
0.120
0.140
0.110
0.108
0.117
0.112
0.116
0.115
0.102
0.120
0.162
0.117
0.124
0.131
0.128
0.103
0.124
0.138
0.127
0.121
0.120
0.129
0.125
0.118
0.128
0.113
0.127
0.111
0.110
0.120
0.123
0.121
0.123
0.113
0.119
0.113
0.118
0.121
0.112
0.105
0.108
0.104
0.103
0.121
