0.074
0.052
0.043
0.040
0.039
0.040
0.039
0.041
0.039
0.040
0.041
0.047
0.044
0.044
0.043
0.044
0.045
0.043
0.045
0.045
0.047
0.048
0.046
0.045
0.047
0.046
0.046
0.045
0.045
0.044
0.045
0.046
0.044
0.052
0.046
0.045
0.045
0.043
0.042
0.044
0.043
0.044
0.043
0.045
0.043
0.045
0.046
0.046
0.048
0.039
0.038
0.041
0.040
0.039
0.042
0.045
0.039
0.040
0.039
0.041
0.040
0.040
0.040
0.042
0.042
0.041
0.042
0.042
0.043
0.042
0.042
0.042
0.042
0.041
0.042
0.043
0.043
0.041
0.041
0.043
0.041
0.040
0.041
0.041
0.040
0.041
0.043
0.045
0.047
0.047
0.047
0.046
0.047
0.048
0.047
0.047
0.046
0.047
0.046
0.046
0.046
0.050
0.046
0.046
0.045
0.046
0.045
0.046
0.046
0.047
0.046
0.051
0.046
0.047
0.046
0.047
0.044
0.046
0.045
0.046
0.046
0.047
0.049
0.047
0.045
0.045
0.046
0.045
0.044
0.046
0.044
0.046
0.046
0.046
0.046
0.046
0.047
0.046
0.046
0.046
0.045
0.046
0.045
0.047
0.041
0.042
0.042
0.040
0.041
0.041
0.040
0.040
0.042
0.042
0.041
0.042
0.042
0.042
0.042
0.041
0.044
0.043
0.041
0.041
0.041
0.041
0.040
0.046
0.041
0.041
0.040
0.041
0.040
0.040
0.040
0.042
0.041
0.043
0.042
0.043
0.042
0.042
0.043
0.046
0.046
0.043
0.044
0.044
0.045
0.046
0.044
0.040
0.040
0.041
0.040
0.041
0.041
0.042
0.042
0.041
0.043
0.042
0.043
0.042
0.041
0.043
0.046
0.045
0.046
0.047
0.046
0.047
0.046
0.047
0.046
0.046
0.045
0.046
0.046
0.046
0.045
0.046
0.088
0.043
0.042
0.042
0.042
0.043
0.042
0.041
0.041
0.042
0.041
0.043
0.042
0.042
0.043
0.043
0.043
0.043
0.054
0.055
0.051
0.050
0.046
0.048
0.048
0.047
0.046
0.046
0.048
0.046
0.045
0.045
0.043
0.042
0.042
0.043
0.042
0.043
0.042
0.048
0.058
0.048
0.045
0.046
0.045
0.045
0.045
0.046
0.046
0.046
0.046
0.048
0.047
0.042
0.044
0.042
0.041
0.041
0.043
0.043
0.041
0.041
0.041
0.041
0.041
0.041
0.062
0.052
0.051
0.049
0.048
0.045
0.044
0.045
0.046
0.045
0.046
0.049
