0.109
0.079
0.079
0.069
0.077
0.077
0.074
0.077
0.070
0.069
0.069
0.069
0.069
0.069
0.069
0.069
0.080
0.077
0.077
0.081
0.078
0.077
0.081
0.078
0.078
0.076
0.077
0.082
0.084
0.076
0.079
0.078
0.078
0.076
0.076
0.082
0.081
0.081
0.079
0.079
0.079
0.087
0.076
0.075
0.080
0.082
0.082
0.080
0.078
0.075
0.076
0.077
0.076
0.079
0.076
0.076
0.077
0.077
0.076
0.075
0.075
0.076
0.075
0.101
0.080
0.078
0.079
0.075
0.079
0.079
0.080
0.076
0.082
0.079
0.081
0.077
0.078
0.079
0.077
0.079
0.078
0.080
0.076
0.072
0.075
0.072
0.076
0.077
0.078
0.079
0.077
0.080
0.082
0.079
0.075
0.077
0.078
0.077
0.077
0.077
0.077
0.083
0.082
0.081
0.084
0.081
0.075
0.070
0.078
0.078
0.079
0.071
0.072
0.073
0.071
0.071
0.073
0.073
0.071
0.070
0.072
0.079
0.078
0.082
0.082
0.080
0.080
0.091
0.067
0.077
0.078
0.077
0.076
0.076
0.075
0.075
0.076
0.071
0.069
0.073
0.077
0.069
0.076
0.083
0.078
0.072
0.072
0.075
0.072
0.080
0.077
0.070
0.079
0.075
0.076
0.076
0.079
0.073
0.096
0.084
0.082
0.079
0.082
0.082
0.080
0.079
0.085
0.078
0.084
0.076
0.082
0.080
0.079
0.080
0.077
0.080
0.079
0.082
0.080
0.080
0.075
0.085
0.081
0.077
0.072
0.073
0.071
0.072
0.071
0.076
0.069
0.078
0.080
0.082
0.085
0.083
0.084
0.083
0.077
0.078
0.079
0.078
0.078
0.079
0.077
0.077
0.079
0.079
0.084
0.083
0.083
0.080
0.080
0.087
0.079
0.082
0.082
0.084
0.086
0.080
0.080
0.079
0.082
0.082
0.079
0.077
0.077
0.083
0.084
0.077
0.099
0.087
0.077
0.077
0.080
0.077
0.075
0.076
0.081
0.077
0.083
0.082
0.079
0.084
0.080
0.077
0.079
0.083
0.079
0.080
0.075
0.077
0.074
0.078
0.075
0.082
0.076
0.077
0.077
0.077
0.080
0.076
0.076
0.076
0.077
0.077
0.074
0.077
0.077
0.081
0.075
0.080
0.073
0.069
0.069
0.069
0.068
0.071
0.070
0.072
0.076
0.072
0.078
0.073
0.079
0.083
0.076
0.074
0.074
0.082
0.078
0.080
0.078
0.074
0.084
0.076
0.075
0.078
0.077
0.081
