5.292
4.897
4.914
4.956
5.149
5.152
5.069
4.938
4.911
4.984
4.909
4.945
4.818
4.823
4.884
4.851
4.854
4.791
4.742
4.763
4.828
4.955
5.003
4.836
4.877
4.765
4.817
4.808
4.777
4.831
4.755
4.933
4.966
5.021
4.779
4.784
4.822
4.771
4.845
4.757
4.762
4.784
4.827
4.805
4.784
4.781
4.770
4.785
4.775
4.763
4.772
4.883
4.756
4.769
4.875
4.767
4.781
4.793
4.848
4.797
4.776
4.744
4.744
4.782
4.824
4.804
4.860
4.793
4.782
4.875
4.837
4.745
4.783
4.763
4.813
4.863
4.755
4.768
4.781
5.497
4.791
4.828
4.886
4.746
4.774
4.842
4.847
4.775
4.732
4.815
4.815
4.783
4.744
4.750
4.752
4.759
4.788
4.785
4.843
4.789
4.435
4.376
4.474
4.442
4.493
4.552
4.505
4.517
4.498
4.688
4.726
4.750
4.687
4.547
4.444
4.568
4.475
4.564
4.608
4.598
4.596
4.474
4.486
4.556
4.484
4.419
4.524
4.452
4.538
4.717
4.470
5.570
4.467
4.622
4.595
4.524
4.466
4.505
4.405
4.566
4.582
4.572
4.464
4.638
4.715
4.677
4.681
4.616
4.484
4.482
4.514
4.404
4.443
4.441
4.541
4.525
4.457
4.452
4.462
4.432
4.440
4.489
4.504
4.556
4.479
4.598
4.491
4.406
4.554
4.572
4.487
4.462
4.450
4.479
4.498
4.625
4.582
4.349
4.594
4.765
4.844
4.782
4.872
4.778
4.800
4.757
4.781
4.805
4.766
4.755
4.784
4.791
4.747
4.890
4.768
4.805
4.881
4.716
4.738
4.751
4.758
4.771
4.761
4.773
4.751
4.777
4.761
4.806
4.802
4.782
4.778
4.827
4.740
4.784
4.798
4.796
4.764
4.760
4.816
4.797
4.824
4.774
4.805
4.755
4.789
4.800
4.786
4.815
4.794
4.748
4.768
4.736
4.759
4.758
4.783
4.898
4.784
4.832
4.841
4.867
4.899
4.784
4.921
4.896
4.757
4.744
4.808
4.856
4.846
4.903
4.731
4.766
4.774
4.739
4.796
4.822
4.833
4.860
4.709
4.891
4.723
4.783
4.781
4.765
4.737
5.009
4.722
4.772
4.866
4.791
4.802
4.860
4.757
4.779
4.792
4.780
4.771
4.717
4.783
4.821
4.749
4.742
4.705
4.747
4.753
4.785
4.767
4.771
4.773
4.764
4.801
4.758
4.805
4.875
4.772
4.767
4.773
4.784
4.830
4.777
