0.424
0.391
0.470
0.473
0.412
0.404
0.454
0.412
0.388
0.388
0.390
0.388
0.449
0.402
0.491
0.409
0.378
0.382
0.397
0.383
0.380
0.378
0.377
0.375
0.398
0.377
0.377
0.377
0.377
0.376
0.380
0.377
0.378
0.377
0.376
0.377
0.378
0.388
0.387
0.381
0.380
0.375
0.375
0.376
0.376
0.376
0.383
0.380
0.376
0.375
0.378
0.380
0.380
0.384
0.379
0.380
0.375
0.375
0.375
0.376
0.375
0.377
0.376
0.376
0.376
0.375
0.376
0.376
0.375
0.375
0.376
0.376
0.375
0.373
0.371
0.379
0.381
0.377
0.393
0.379
0.376
0.377
0.398
0.400
0.379
0.385
0.377
0.394
0.382
0.384
0.403
0.380
0.376
0.419
0.389
0.385
0.386
0.398
0.377
0.380
0.372
0.376
0.377
0.376
0.394
0.381
0.384
0.380
0.382
0.380
0.374
0.379
0.380
0.377
0.376
0.376
0.377
0.379
0.377
0.377
0.485
0.376
0.377
0.376
0.377
0.371
0.371
0.370
0.376
0.379
0.395
0.368
0.378
0.375
0.378
0.377
0.380
0.378
0.386
0.383
0.390
0.386
0.376
0.377
0.374
0.377
0.376
0.376
0.376
0.377
0.376
0.379
0.396
0.377
0.380
0.381
0.376
0.376
0.377
0.377
0.379
0.376
0.376
0.379
0.378
0.396
0.378
0.377
0.377
0.376
0.377
0.378
0.387
0.376
0.377
0.385
0.394
0.379
0.392
0.378
0.378
0.383
0.377
0.379
0.379
0.378
0.376
0.376
0.378
0.377
0.376
0.380
0.378
0.376
0.375
0.385
0.380
0.379
0.376
0.376
0.377
0.382
0.391
0.381
0.392
0.378
0.379
0.379
0.368
0.373
0.371
0.378
0.402
0.382
0.380
0.374
0.380
0.396
0.377
0.380
0.379
0.393
0.374
0.379
0.379
0.380
0.381
0.379
0.378
0.380
0.382
0.378
0.387
0.376
0.378
0.379
0.377
0.375
0.378
0.378
0.384
0.376
0.377
0.375
0.376
0.379
0.377
0.378
0.378
0.376
0.377
0.376
0.377
0.376
0.376
0.375
0.374
0.377
0.374
0.374
0.374
0.374
0.375
0.373
0.376
0.380
0.374
0.373
0.376
0.374
0.377
0.374
0.377
0.391
0.376
0.376
0.374
0.375
0.378
0.376
0.376
0.377
0.376
0.376
0.377
0.377
0.402
0.382
0.377
0.382
0.376
0.378
0.383
0.380
0.377
0.377
0.377
0.381
0.393
0.381
