0.064
0.044
0.035
0.031
0.031
0.031
0.031
0.032
0.033
0.031
0.031
0.031
0.031
0.031
0.031
0.032
0.031
0.031
0.032
0.033
0.032
0.030
0.031
0.030
0.030
0.038
0.031
0.031
0.032
0.032
0.031
0.030
0.031
0.032
0.032
0.031
0.031
0.035
0.035
0.032
0.031
0.031
0.030
0.031
0.031
0.031
0.032
0.032
0.030
0.032
0.032
0.032
0.031
0.032
0.031
0.031
0.032
0.031
0.032
0.031
0.032
0.031
0.031
0.031
0.030
0.032
0.032
0.030
0.034
0.032
0.032
0.031
0.032
0.031
0.030
0.031
0.031
0.031
0.031
0.031
0.030
0.031
0.031
0.031
0.031
0.031
0.031
0.030
0.031
0.031
0.031
0.032
0.031
0.031
0.032
0.031
0.031
0.031
0.032
0.032
0.032
0.031
0.031
0.032
0.031
0.031
0.031
0.032
0.031
0.031
0.031
0.031
0.031
0.030
0.031
0.031
0.030
0.031
0.031
0.031
0.031
0.031
0.032
0.031
0.031
0.031
0.031
0.031
0.036
0.034
0.034
0.033
0.033
0.032
0.034
0.033
0.032
0.032
0.030
0.032
0.033
0.034
0.048
0.042
0.038
0.036
0.034
0.035
0.032
0.032
0.055
0.048
0.041
0.036
0.034
0.037
0.038
0.033
0.036
0.033
0.036
0.032
0.032
0.032
0.032
0.036
0.041
0.032
0.031
0.031
0.031
0.031
0.031
0.031
0.032
0.031
0.031
0.031
0.031
0.031
0.032
0.031
0.032
0.033
0.031
0.031
0.033
0.031
0.031
0.031
0.031
0.031
0.031
0.031
0.031
0.031
0.031
0.031
0.031
0.031
0.031
0.031
0.032
0.031
0.031
0.031
0.031
0.033
0.031
0.032
0.031
0.031
0.031
0.031
0.032
0.032
0.032
0.035
0.032
0.032
0.031
0.032
0.032
0.031
0.032
0.031
0.031
0.032
0.031
0.031
0.032
0.031
0.031
0.031
0.031
0.031
0.031
0.032
0.031
0.031
0.031
0.032
0.031
0.031
0.031
0.031
0.031
0.033
0.032
0.031
0.031
0.031
0.031
0.031
0.031
0.031
0.031
0.033
0.033
0.031
0.031
0.032
0.031
0.031
0.031
0.031
0.031
0.031
0.032
0.031
0.031
0.032
0.031
0.032
0.032
0.031
0.031
0.031
0.033
0.031
0.031
0.031
0.031
0.031
0.031
0.031
0.031
0.031
0.031
0.031
0.031
0.031
0.031
0.031
0.031
0.031
0.032
0.031
0.031
0.031
