0.038
0.029
0.024
0.021
0.020
0.018
0.017
0.016
0.024
0.018
0.016
0.016
0.016
0.016
0.016
0.016
0.016
0.016
0.016
0.016
0.016
0.016
0.016
0.017
0.016
0.016
0.016
0.016
0.016
0.018
0.018
0.018
0.017
0.018
0.018
0.018
0.019
0.020
0.023
0.019
0.018
0.018
0.018
0.018
0.019
0.018
0.019
0.018
0.018
0.018
0.020
0.018
0.020
0.019
0.019
0.020
0.019
0.019
0.019
0.019
0.022
0.019
0.022
0.019
0.022
0.019
0.019
0.020
0.019
0.019
0.019
0.020
0.019
0.018
0.019
0.018
0.019
0.018
0.018
0.017
0.017
0.018
0.017
0.018
0.018
0.019
0.019
0.021
0.019
0.018
0.019
0.019
0.020
0.019
0.017
0.017
0.017
0.017
0.017
0.018
0.018
0.018
0.019
0.018
0.021
0.017
0.018
0.018
0.019
0.019
0.023
0.019
0.022
0.021
0.019
0.018
0.018
0.019
0.019
0.019
0.018
0.018
0.019
0.018
0.020
0.018
0.018
0.019
0.019
0.019
0.020
0.022
0.019
0.019
0.021
0.019
0.027
0.022
0.019
0.020
0.020
0.018
0.018
0.019
0.019
0.020
0.018
0.019
0.019
0.018
0.018
0.018
0.018
0.018
0.018
0.017
0.018
0.019
0.018
0.018
0.018
0.018
0.017
0.018
0.018
0.018
0.018
0.018
0.019
0.020
0.020
0.019
0.019
0.019
0.019
0.019
0.021
0.021
0.020
0.019
0.020
0.020
0.019
0.018
0.019
0.021
0.019
0.020
0.019
0.019
0.019
0.019
0.018
0.018
0.018
0.018
0.019
0.018
0.018
0.018
0.019
0.019
0.019
0.019
0.018
0.018
0.019
0.019
0.019
0.020
0.020
0.023
0.023
0.022
0.021
0.019
0.019
0.020
0.020
0.020
0.019
0.018
0.022
0.020
0.020
0.021
0.019
0.020
0.021
0.020
0.019
0.020
0.024
0.024
0.022
0.020
0.019
0.019
0.018
0.018
0.019
0.020
0.019
0.021
0.020
0.021
0.021
0.020
0.019
0.020
0.020
0.019
0.020
0.019
0.019
0.020
0.019
0.019
0.019
0.018
0.018
0.018
0.018
0.018
0.019
0.020
0.019
0.021
0.020
0.020
0.019
0.019
0.022
0.021
0.019
0.019
0.019
0.022
0.021
0.024
0.021
0.020
0.020
0.018
0.017
0.017
0.017
0.017
0.017
0.017
0.017
0.017
0.017
0.017
0.017
0.017
0.017
0.017
0.017
0.017
